       9.3000002       2.2000000      -1.1000000
       9.4826169       2.3167744     -0.64970038
       9.6189905       2.4229044     -0.18071597
       9.7131567       2.5181614      0.30084918
       9.7686978       2.6025596      0.79040475
       9.7883934       2.6761577       1.2844534
       9.7739806       2.7388968       1.7801870
       9.7260491       2.7904822       2.2750975
       9.6443050       2.8303790       2.7666416
       9.5284959       2.8580250       3.2521424
       9.3796294       2.8731884       3.7291152
       9.2002245       2.8760922       4.1957124
       8.9932854       2.8671447       4.6507019
       8.7612318       2.8466078       5.0930306
       8.5055149       2.8144520       5.5213998
       8.2266650       2.7703455       5.9339726
       7.9244193       2.7136786       6.3281066
       7.5978122       2.6435871       6.6999878
       7.2452663       2.5589937       7.0440721
       6.8648370       2.4587372       7.3522772
       6.4549412       2.3419303       7.6130364
       6.0160828       2.2087631       7.8109231
       5.7872146       2.1367105       7.8808319
       5.5536667       2.0617662       7.9287231
       5.3171936       1.9847476       7.9532347
       5.0798226       1.9065997       7.9538280
       4.8436101       1.8282848       7.9308964
       4.6103902       1.7506686       7.8856792
       4.3816014       1.6744393       7.8200202
       4.1582287       1.6000780       7.7360721
       3.9408418       1.5278723       7.6360376
       3.7296851       1.4579541       7.5219920
       3.5247776       1.3903431       7.3957884
       3.2288520       1.2931223       7.1871126
       2.9460446       1.2006203       6.9589743
       2.6756331       1.1124192       6.7146563
       2.4169891       1.0281043       6.4565990
       2.1696398      0.94730125       6.1866129
       1.8191680      0.83199561       5.7621292
       1.4930785      0.72303908       5.3170267
       1.1917265      0.61986292       4.8534895
      0.91621607      0.52216671       4.3729984
      0.69448017      0.43988281       3.9325374
      0.49628032      0.36200099       3.4802228
      0.32371796      0.28877158       3.0167706
      0.17938209      0.22057996       2.5430265
     0.096398955      0.17589609       2.2041486
     0.041859503      0.14214946       1.9288907
    0.0064997696      0.11656995       1.7062242
    -0.016042550     0.097116779       1.5266402
    -0.030082050     0.082285091       1.3821182
    -0.038530008     0.070956357       1.2659990
    -0.043337003     0.062292152       1.1728117
    -0.045802619     0.055658469       1.0980942
    -0.046790372     0.050572374       1.0382272
    -0.046873202     0.049581107       1.0262428
    -0.046914289     0.048648013       1.0148557
    -0.046918451     0.047769543       1.0040361
    -0.046890069     0.046942364      0.99375605
    -0.046901180     0.047266197      0.99778059
       9.3000002       2.2000000      -1.1000000
       9.0672324       2.0733034      -1.5236196
       8.7815560       1.9382018      -1.9105880
       8.4429149       1.7972665      -2.2497004
       8.2548559       1.7257025      -2.3979624
       8.0555052       1.6540734      -2.5306185
       7.8460927       1.5828795      -2.6470140
       7.6280202       1.5125800      -2.7468851
       7.4027573       1.4435630      -2.8303580
       7.1717423       1.3761281      -2.8979000
       6.9363031       1.3104816      -2.9502375
       6.5773597       1.2156068      -3.0022111
       6.2142590       1.1251261      -3.0252732
       5.8493816       1.0389163      -3.0226292
       5.4844431      0.95672397      -2.9971470
       5.1206755      0.87824469      -2.9512496
       4.7589836      0.80317437      -2.8868978
       4.2218425      0.69637969      -2.7589784
       3.6929215      0.59596642      -2.5963080
       3.2312334      0.51175989      -2.4239999
       2.7790736      0.43224789      -2.2261010
       2.3382508      0.35760317      -2.0024229
       1.9110343      0.28824451      -1.7522357
       1.6120153      0.24174766      -1.5540952
       1.3790869      0.20696794      -1.3841729
       1.1974409      0.18092543      -1.2406595
       1.0555318      0.16138813      -1.1208602
      0.94441721      0.14668553      -1.0217616
      0.85718891      0.13556664     -0.94037873
      0.78852339      0.12710031     -0.87393245
      0.73432322      0.12059967     -0.81993269
      0.69143263      0.11556235     -0.77620879
      0.68290295      0.11457054     -0.76740858
      0.67481493      0.11363275     -0.75903204
      0.66714490      0.11274565     -0.75105975
      0.65987053      0.11190614     -0.74347306
      0.65297074      0.11111133     -0.73625409
      0.65962773      0.11187817     -0.74321903