     -0.19763606619953242     -0.19114339293872479      0.96145895889135213
     -0.19558026757319422     -0.18938170265288751      0.95603783439858980
     -0.19904199242584461     -0.19234818340008908      0.96516637507639635
     -0.20272302510197360     -0.19549266887987898      0.97474279124341712
     -0.20663811222382486     -0.19882644400294594      0.98478751331419434
     -0.21080303341112144     -0.20236154146624899      0.99532174179828869
     -0.23222155010177153     -0.22037655380134413       1.0472884503802680
     -0.26036571219616267     -0.24370258337854991       1.1108684604803480
     -0.29747688302461422     -0.27399491175101703       1.1882859962350412
     -0.34656814116415363     -0.31343579231664509       1.2819796681740365
     -0.41168327853902559     -0.36488917273612542       1.3944821902048326
     -0.49822115671586520     -0.43208208317369579       1.5281884452313832
     -0.61333492117047084     -0.51980827169883015       1.6849378319338775
     -0.76639970036098615     -0.63413010701855455       1.8652979583277889
     -0.96945086784769741     -0.78248526931981766       2.0674740064684429
      -1.2374014906535657     -0.97353733473502535       2.2858908051229263
      -1.6014005657015227      -1.2258931723278286       2.5173215368590660
      -1.9870266585837943      -1.4853884847164012       2.7010245005350595
      -2.3888672433798472      -1.7478004621124590       2.8406707558437940
      -2.8028053315572734      -2.0095780038699695       2.9406821979138131
      -3.4076272241680723      -2.3752452784381766       3.0238769272125006
      -4.0265432669878898      -2.7257800131973009       3.0487531909021608
      -4.6572157392412192      -3.0550738929256935       3.0274892858665696
      -5.2985942455512749      -3.3592072344534243       2.9741906974566481
      -5.9506375645017551      -3.6361586142570634       2.9043514957550323
      -6.6134789567768344      -3.8852064796149475       2.8311155987266945
      -7.2864452986403974      -4.1067965440726635       2.7620841120597506
      -7.9679723724340139      -4.3025382673971118       2.6990810753519003
      -8.6561477988925297      -4.4748392509179986       2.6398809905100831
      -9.3491914944947467      -4.6262512800614877       2.5802829736310233
      -10.045627145544938      -4.7588669588232975       2.5156307171204193
      -10.744240896403609      -4.8739378065992600       2.4415818621614305
      -11.210662213094484      -4.9410443483132820       2.3850715251125321
      -11.677259854018589      -5.0001994334894793       2.3215808020131772
      -12.143685217669097      -5.0508201796226899       2.2499851131303474
      -12.454331607172437      -5.0793448920841371       2.1971191191728825
      -12.764544645333103      -5.1031818254928787       2.1395997550773989
      -13.074098320007844      -5.1216972808372123       2.0768208003766158
      -13.382665385137713      -5.1339895548505998       2.0079688338559816
      -13.587587622495301      -5.1380971296147955       1.9581437611769015
      -13.791621132353882      -5.1383109151501438       1.9046459220039280
      -13.994423115950417      -5.1338714666537406       1.8468354442936692
      -14.128685166874554      -5.1278099740919920       1.8054694167548682
      -14.261924434491387      -5.1187671146281177       1.7614328005192186
      -14.393784746510091      -5.1061492702264966       1.7142466016320159
      -14.523716275406821      -5.0891327711574537       1.6632594633842772
      -14.608844032440105      -5.0747794751702466       1.6267202617878285
      -14.692315956878526      -5.0574697368702584       1.5877319110252990
      -14.773512097521373      -5.0365539470772953       1.5458274161544150
      -14.851459554149523      -5.0111486188494219       1.5004051898785296
      -14.900870821597035      -4.9911377491314175       1.4678034024969675
      -14.947434344389634      -4.9681505572911808       1.4330547952412132
      -14.990123257384855      -4.9416633976729925       1.3959209100750403
      -15.027490694790972      -4.9111391287337360       1.3562609163166603
      -15.057619435073542      -4.8761876110712015       1.3142012072527534
      -15.078324715565131      -4.8368666494013626       1.2703749941891702
      -15.087822589711029      -4.7939877610446668       1.2260437529518791
      -15.085611987182340      -4.7490462458492910       1.1827963345389312
      -15.072723970984894      -4.7036479807338889       1.1419249067144714
      -15.051067498203841      -4.6589553521808824       1.1040580320294253
      -15.022619327737576      -4.6155703275912447       1.0692606539335536
      -14.989015814233417      -4.5736988103570049       1.0373019313475134
      -14.910933042445556      -4.4943894874717207      0.98058733776237250
      -14.823161037386043      -4.4202360824086995      0.93147515329483477
      -14.729106059506702      -4.3502747357333895      0.88813306620853238
      -14.630706655853519      -4.2837153873532996      0.84928507573467860
      -14.529143367582108      -4.2199548375208646      0.81403671748259598
      -14.319333763977241      -4.0991052868607074      0.75193306388356840
      -14.103366012477954      -3.9851715268361017      0.69838511623556432
      -13.883178504804070      -3.8765523509831641      0.65133547996588637
      -13.659912029202307      -3.7721797727976782      0.60944479127765605
      -13.206822595698098      -3.5733782141785611      0.53764896723831190
      -12.747627833159919      -3.3848133813643853      0.47793263840718780
      -12.284218883007080      -3.2041468164971159      0.42692185141547911
      -11.817749552226578      -3.0298784918399617      0.38184735094981348
      -11.348999977111816      -2.8610000610351562      0.34000000357627869
      -11.348999977111816      -2.8610000610351562      0.34000000357627869
      -10.878559972673632      -2.6968254259487443      0.29839628964465315
      -10.406954912835662      -2.5369061988420833      0.25355494591304506
      -9.9347685583876419      -2.3809918802437160      0.20138448954742180
      -9.4627834188406883      -2.2290104865567519      0.13725174450772268
      -8.9921135141052257      -2.0810445354261304     0.056357319438496090
      -8.5242285668677340      -1.9372695588725912    -0.045463923580083138
      -8.0607039774131799      -1.7978256605602443     -0.17056583233759481
      -7.6026106149860704      -1.6626356420373862     -0.31832483326125705
      -7.1497678452217137      -1.5312585848545042     -0.48461028762915337
      -6.7003804572274372      -1.4029068719322806     -0.66229349912166846
      -6.2514542583680850      -1.2766857686767368     -0.84266140619878582
      -5.7998425190874032      -1.1519636076053130      -1.0172524868032300
      -5.3432492524382589      -1.0286281173048042      -1.1793915164983348
      -4.8804780224470994     -0.90700077969009529      -1.3243566391703772
      -4.4109886284233601     -0.78749849943036976      -1.4478328151694271
      -3.9346116031384679     -0.67043004638815895      -1.5441514842667357
      -3.4519317984599422     -0.55610651328466931      -1.6059852326363195
      -2.9649879017086840     -0.44506698732884892      -1.6253423276099859
      -2.4777509900698531     -0.33819960569357765      -1.5946987277354376
      -2.0600192866062428     -0.24993518660165071      -1.5226626267917236
      -1.7247406631144162     -0.18136475976207006      -1.4296193753091089
      -1.4582525277101355     -0.12835110837644537      -1.3299012476520127
      -1.2477234855942789    -0.087452060490726347      -1.2325886072563434
      -1.0819248966728423    -0.055917384609006519      -1.1427666799807989
     -0.95148268830736515    -0.031609862355669344      -1.0628033657948088
     -0.84879830679614310    -0.012889074461139367     -0.99337447122542555
     -0.76782958965959758    0.0015045513489781170     -0.93417156540618396
     -0.70383634902009184     0.012545079099061296     -0.88435826973485399
     -0.65313013496158967     0.020991999901502544     -0.84286246773279117
     -0.61285055624835572     0.027440523513685894     -0.80855612921272191
     -0.60479794032745426     0.028695232724716802     -0.80155054512546020
     -0.59715668542316547     0.029873780286441796     -0.79485675271283829
     -0.60130062520154870     0.029234640487688625     -0.79848687276436747