    -0.046965112845082473     0.046900866649776787      0.99779482319537427
    -0.046954762268177505     0.046578218695607999      0.99378302637224702
    -0.046981286949317608     0.047405045468976441       1.0040637703838480
    -0.046975202576857368     0.048283133548010948       1.0148840575320892
    -0.046932127096231319     0.049215814061629157       1.0262719773720770
    -0.046847238881871034     0.050206632555142405       1.0382570550536780
    -0.045849679077134636     0.055290301480178806       1.0981275212564339
    -0.043372722756269320     0.061920635806950487       1.1728485722365978
    -0.038552639396600231     0.070580340806812747       1.2660398072884567
    -0.030089611070022421     0.081903208786975018       1.3821628730411415
    -0.016032817305536715     0.096727487430299103       1.5266887241154594
    0.0065292656175621605      0.11617158526965182       1.7062763774457288
     0.041911455555157268      0.14174030178799271       1.9289458249719280
     0.096476298951501616      0.17547441194284347       2.2042057644969804
      0.17948800101757240      0.22014404150580996       2.5430841731640115
      0.32385799387287145      0.28831669204681459       3.0168206435460574
      0.49645008718199068      0.36152919468010580       3.4802644891941896
      0.69467602245817872      0.43939569527366029       3.9325703185273762
      0.91643476172114302      0.52166551108670456       4.3730224353083083
       1.1919672935417500      0.61934709304408886       4.8535038919604672
       1.4933376650399777      0.72250966327055521       5.3170321747182250
       1.8194416893937371      0.83145356297526440       5.7621271577592275
       2.1699239958839058      0.94674751671680268       6.1866052919604044
       2.4172780023741307       1.0275434237208045       6.4565892879372910
       2.6759247385948512       1.1118516955886446       6.7146460218039659
       2.9463368543405752       1.2000469248991081       6.9589655204881122
       3.2291426729387127       1.2925440249884104       7.1871077735595676
       3.5250645905245825       1.3897613333759664       7.3957905333028116
       3.7299684986677217       1.4573710752361262       7.5220006280904537
       3.9411208892047109       1.5272889722149097       7.6360543419697500
       4.1585030018113933       1.5994956683453914       7.7360984854035211
       4.3818707727899504       1.6738595245603249       7.8200576104367743
       4.6106546570276601       1.7500931878121788       7.8857287050940927
       4.8438699847316755       1.8277157640075301       7.9309584480896458
       5.0800784395656127       1.9060391224763198       7.9539021214496657
       5.3174459695220664       1.9841976090106450       7.9533196177986714
       5.5539159798430742       2.0612285877890062       7.9288166767165018
       5.7874606588705575       2.1361866903297471       7.8809316436291263
       6.0163252560006768       2.2082540604582919       7.8110263032906539
       6.4551740248106020       2.3414524690787304       7.6131396322753897
       6.8650567191967538       2.4582908663920073       7.3523740054825950
       7.2454700295258121       2.5585782720465340       7.0441592805289526
       7.5979981730169346       2.6432015888334117       6.7000640689415176
       7.9245865206336008       2.7133221007058168       6.3281718961681399
       8.2268133296737496       2.7700170494418259       5.9340274731562204
       8.5056446487836244       2.8141508272793789       5.5214450335153007
       8.7613439694490385       2.8463333178090973       5.0930673725631603
       8.9933821116268664       2.8668965742392034       4.6507317300137094
       9.2003088725820525       2.8758705723842453       4.1957371333330657
       9.3797056113081947       2.8729935275883696       3.7291365633879185
       9.5285679987957845       2.8578571195608387       3.2521616667409008
       9.6443743136035778       2.8302373850618499       2.7666586973508438
       9.7261133399713575       2.7903650827927251       2.2751117499558648
       9.7740359559161796       2.7388018254283546       1.7801981062414787
       9.7884369004950891       2.6760826602863577       1.2844616580786734
       9.7687282213279403       2.6025026866124272      0.79041085605708128
       9.7131748592298344       2.5181211667814214      0.30085381290030394
       9.6189986686625968       2.4228792872130889     -0.18071240169773300
       9.4826186467719076       2.3167627860520756     -0.64969805882593512
       9.3000001907348633       2.2000000476837158      -1.1000000238418579
       9.3000001907348633       2.2000000476837158      -1.1000000238418579
       9.0672357248747133       2.0733123813057195      -1.5236242260638084
       8.7815678661580918       1.9382163272123492      -1.9106009357912654
       8.4429392462371595       1.7972821498931859      -2.2497263998640316
       8.2548874350888184       1.7257167158265907      -2.3979967131995519
       8.0555438815289975       1.6540847781628787      -2.5306621516488526
       7.8461384803865100       1.5828867432118308      -2.6470677520497556
       7.6280724399534385       1.5125817472649747      -2.7469492335434289
       7.4028154209945320       1.4435581288763417      -2.8304324320838834
       7.1718055202966378       1.3761155123059272      -2.8979842104436866
       6.9363707527756171       1.3104603156668464      -2.9503307218594856
       6.5774328086485454       1.2155713893371534      -3.0023158944089223
       6.2143365565981252       1.1250752411695475      -3.0253868939364574
       5.8494629293301390       1.0388492674846133      -3.0227491689110253
       5.4845279786702417      0.95664023193453862      -2.9972708315524166
       5.1207638489682124      0.87814382172930339      -2.9513749543478163
       4.7590756868026078      0.80305606552760278      -2.8870226864156860
       4.2219407185582911      0.69623473694612770      -2.7590994941616378
       3.6930270034387167      0.59579414205818926      -2.5964225132542289
       3.2313463077572364      0.51156257403220651      -2.4241068802719044
       2.7791948630269081      0.43202454647901928      -2.2261992156573926
       2.3383815405821564      0.35735233364370300      -2.0025117647073531
       1.9111754341697218      0.28796395351609988      -1.7523149939925693
       1.6121442647769819      0.24144036531970509      -1.5541533646364543
       1.3792077050489653      0.20663763695674706      -1.3842128541618308
       1.1975565198629843      0.18057524055436316      -1.2406841903102883
       1.0556443828596844      0.16102072712385868      -1.1208724270341566
      0.94452800808531756      0.14630328061080516      -1.0217636422397272
      0.85729883756288472      0.13517168593161993     -0.94037278493543430
      0.78863297161389101      0.12669460003092295     -0.87392030342583527
      0.73443274062586683      0.12018495741082968     -0.81991584300168541
      0.69154224452599478      0.11514017794937809     -0.77618847518548717
      0.68301261626546872      0.11414684463523279     -0.76738762840668773
      0.67492464521010120      0.11320761123659664     -0.75901051139481990
      0.66725466209533912      0.11231913279775370     -0.75103768415865435
      0.65998033698738945      0.11147830174909854     -0.74345049651954920
      0.65308059847073685      0.11068223026996890     -0.73623106673835004
      0.65973210639900859      0.11144966163597241     -0.74319076445897381