       9.3000001907348633       2.2000000476837158      -1.1000000238418579
       9.2215043630946383       2.1016164079273421     -0.61627986733911588
       9.0977639702656443       1.9938423514940440     -0.14419441124435373
       8.9251224622098508       1.8773521249691085      0.31008009194101255
       8.6999922780569516       1.7533745821297400      0.73859285477298364
       8.4203045088353932       1.6239439384783001       1.1318303532540632
       8.0870374296712821       1.4919331562971678       1.4797876525944824
       7.7052109842324912       1.3607269655240559       1.7739923033867777
       7.2834872557980272       1.2335427772044623       2.0097415108801249
       6.8322517669744309       1.1127271820275835       2.1871301047888050
       6.3613133703787295      0.99944775045998124       2.3101685966110490
       5.8785118110943717      0.89386078115697898       2.3848157668317000
       5.3894909027375579      0.79550028341024448       2.4171994569644775
       4.8981300280458440      0.70363557849135983       2.4125832822367936
       4.4071304954110451      0.61750977774593163       2.3749467101856285
       3.9185362837274154      0.53647718342066109       2.3068766729967969
       3.4341499024741196      0.46007457942543351       2.2096206378381931
       2.9558418800301975      0.38804314614735902       2.0833051371278195
       2.4857980575333740      0.32033237866401160       1.9271415216876489
       2.0268065979578540      0.25710039565742582       1.7394582499501405
       1.6905055651087451      0.21259254615377673       1.5759230895446315
       1.4263593779313879      0.17872165323530825       1.4290099027708787
       1.2191076045315514      0.15277948486166465       1.3002486339760522
       1.0564884198731441      0.13273190879254745       1.1894960218558692
      0.92881304681168753      0.11708335358903894       1.0955509011427924
      0.82846726649163460      0.10473229630366973       1.0167157554843795
      0.74948674942316706     0.094867645281785984      0.95112894680412818
      0.68721906614975592     0.086897453762541668      0.89694070264074210
      0.63804361860815240     0.080392174453850135      0.85241698699071844
      0.59914373384767239     0.075039117963410257      0.81599496768129642
      0.59140191485511018     0.073944575915017491      0.80860925315146881
      0.58406371001279167     0.072896498046873232      0.80156442213866574
      0.58810246759224794     0.073473332916542872      0.80544171437298240
       9.3000001907348633       2.2000000476837158      -1.1000000238418579
       9.3357749721593670       2.2885226839667485      -1.5906380774896220
       9.3292969150233649       2.3665382440409486      -2.0843064199004639
       9.2786493753715042       2.4329304138611287      -2.5770932734634457
       9.1806918125474795       2.4861789936339909      -3.0642796268127142
       9.0341831334446532       2.5250639575229035      -3.5405151776859656
       8.8422829827166076       2.5494887735962770      -4.0013691732115788
       8.6110949613879786       2.5603302748723240      -4.4444072603168383
       8.3462880953770711       2.5585341985385703      -4.8683724944101483
       8.0513530906674848       2.5444896544234217      -5.2717249875246317
       7.7275963327902986       2.5178971731016642      -5.6516428689324236
       7.3747296185218572       2.4778556595478438      -6.0033671402973408
       6.9916002736799765       2.4230198517513490      -6.3195470297127256
       6.5772420893962256       2.3518815672794946      -6.5895644557201152
       6.1326749146000124       2.2633608923821775      -6.7994346290248480
       5.9005524611073668       2.2126097483241649      -6.8769357400079087
       5.6634274924058259       2.1578322035739426      -6.9337714977236811
       5.4229451234569517       2.0994701656878521      -6.9686872532820798
       5.1809971333417879       2.0381183727837016      -6.9811055452071988
       4.9395217122620938       1.9744674616267794      -6.9712275212222119
       4.7002909525172605       1.9092281010854770      -6.9399882020389647
       4.4647516627260364       1.8430596665301875      -6.8888865658107941
       4.2339547108063833       1.7765219572298108      -6.8197559738214686
       4.0085670129608069       1.7100553522788395      -6.7345451426740377
       3.7889354523480216       1.6439838815502488      -6.6351521546724639
       3.5751697530209321       1.5785315022482109      -6.5233218082812927
       3.2653875315121805       1.4818140941974614      -6.3355709786456629
       2.9681697536675524       1.3870613175154096      -6.1275631056582647
       2.6828664121701427       1.2943559659292247      -5.9026165670771942
       2.4088740386216454       1.2036890774297011      -5.6632274565768164
       2.1457310383549859       1.1150134703984373      -5.4112435863980801
       1.7708037865182984      0.98562228765402837      -5.0124964848927771
       1.4196140164628930      0.86049755671088080      -4.5913929179968616
       1.1281349406406234      0.75291305286426824      -4.1997173960666281
      0.85756571581635610      0.64896588774359232      -3.7923766460084392
      0.60991290841177492      0.54903083479176129      -3.3697513680874671
      0.38770671474524993      0.45365892827501442      -2.9322031829614752
      0.21609928359179320      0.37434421995358252      -2.5366593456155972
     0.094610324047634864      0.31352615956111263      -2.2091101825844537
    0.0083944979034046296      0.26674400435803569      -1.9397864797365718
    -0.053297577260651645      0.23053780321557410      -1.7195083269995033
    -0.098065149341902011      0.20226968968967787      -1.5400166401838358
     -0.13112592802286599      0.17997213309739302      -1.3941025898955015
     -0.15601169787538857      0.16219073717377944      -1.2756331566881698
     -0.17509179013425197      0.14785917254989372      -1.1794840707091114
     -0.18995020470731311      0.13620077144824164      -1.1014282460216507
     -0.20165620404612439      0.12664216294982925      -1.0380131480723069
     -0.21095560443881439      0.11876982263837124     -0.98643753991936078
     -0.21282498311524983      0.11715368584823549     -0.97593892437450080
     -0.21460045268399475      0.11560749272179995     -0.96592590349960983
     -0.21389283618040048      0.11622373069809107     -0.96991661049151601