      -7.1999998092651367      -5.6999998092651367      -1.8999999761581421
      -7.5754226598192007      -6.0273972959424134      -1.8568359296076917
      -7.9529460355017960      -6.3532689554367039      -1.8210698947202340
      -8.3321474068587591      -6.6778105114607635      -1.7914627119764401
      -8.7124602090943029      -7.0013777836197804      -1.7656594259738425
      -9.0932060436013842      -7.3244803265341343      -1.7404175066884988
      -9.4735736225971436      -7.6477432921346002      -1.7118019814570378
      -9.8525336003689024      -7.9718536709903356      -1.6753006000048998
      -10.228676288714588      -8.2975022820871889      -1.6258286287991031
      -10.599937663531215      -8.6253207601145547      -1.5575943634789702
      -10.963125670598568      -8.9557915599525604      -1.4637782087974136
      -11.313036800987014      -9.2890600893793920      -1.3359407470582840
      -11.480431008063027      -9.4565886625067570      -1.2559528387342787
      -11.640664990022771      -9.6244356478951616      -1.1630507184735108
      -11.791393819474063      -9.7921465976101754      -1.0552432342770675
      -11.929345086619163      -9.9588948904358698     -0.93027208282037288
      -12.049951231860975      -10.123214230891834     -0.78576368176324807
      -12.147008249224966      -10.282591114097119     -0.61971491731651018
      -12.212774467385502      -10.433017461413733     -0.43158635070687068
      -12.231385257174901      -10.503188915019416     -0.32988739966022995
      -12.239357268106090      -10.568989310175217     -0.22396897589353656
      -12.236203359227439      -10.629709092297569     -0.11481493469249673
      -12.221836922324615      -10.684783156406411   -0.0035849338556651900
      -12.196658872143315      -10.733772794720789      0.10856979356211061
      -12.161421030612850      -10.776463120957391      0.22059554626002453
      -12.117030049423935      -10.812964804854433      0.33155760504320020
      -12.064508327458016      -10.843564053237623      0.44074666477607577
      -11.972724671503693      -10.879276576399013      0.60020073649723771
      -11.868142220649284      -10.904116070753602      0.75375637960090025
      -11.753415840641475      -10.919563913762323      0.90119892803740986
      -11.630646845110901      -10.926935175895645       1.0426836246583349
      -11.501460142242280      -10.927338378501330       1.1785444847214623
      -11.367103656469464      -10.921684978800990       1.3091815748024884
      -11.157916952040823      -10.903433654754497       1.4962248430699847
      -10.941601174010543      -10.875143315446651       1.6736835438809459
      -10.719828909659570      -10.838264077480714       1.8426389672544943
      -10.493801619868563      -10.793897659911464       2.0039933010861382
      -10.264405245862161      -10.742903778671671       2.1584954843667550
      -9.9154136685276786      -10.655459078733427       2.3787395279190053
      -9.5619647213800381      -10.556457014521518       2.5866548237813118
      -9.2052161150533571      -10.447293987127750       2.7835684288067704
      -8.8460057844864703      -10.329038541589847       2.9705120229371604
      -8.4849625923879284      -10.202495417429720       3.1482791542733870
      -8.1225794225562336      -10.068251532690956       3.3174683565622907
      -7.5773672591560493      -9.8532911838763173       3.5560886202039423
      -7.0312239678340669      -9.6226310266779578       3.7772908318474716
      -6.4852365080459737      -9.3764111815361790       3.9814488740267135
      -5.9405190211604291      -9.1142731111167343       4.1684535532618439
      -5.3983110627544066      -8.8354341722802197       4.3377403030444173
      -4.8600745586713883      -8.5387413639824512       4.4882876973740897
      -4.3275781116626924      -8.2227600947289901       4.6185988497183521
      -3.8026064562692312      -7.8864729065927532       4.7266678722183224
      -3.2877363288279029      -7.5282547991278213       4.8098960595396463
      -2.7865488152602271      -7.1460735511192173       4.8651606769667710
      -2.3035611530056186      -6.7381244023297224       4.8889194312444380
      -1.8442940766797573      -6.3032040844286152       4.8774003011520968
      -1.4151322818270979      -5.8412165691504967       4.8269149833092699
      -1.0228570046823655      -5.3537276530747828       4.7342579174398676
     -0.67383052172652003      -4.8443825575376991       4.5970707474280390
     -0.37301898882669204      -4.3189671562918353       4.4140315094734373
     -0.12321354984994259      -3.7850077585715782       4.1848238143743490
     0.075222208993673850      -3.2510236953138172       3.9099620865930906
      0.22398848583801043      -2.7257239481572713       3.5905694398040509
      0.30833284907706859      -2.3223245036059339       3.3076979313964281
      0.36514430115016272      -1.9334773254029847       2.9987751629549835
      0.39589781717548478      -1.5630205926293328       2.6645954979289366
      0.40170319060269444      -1.2149620981157594       2.3058860323963879
      0.39045994621286190     -0.97605196034809083       2.0270421298534607
      0.37187248739547346     -0.79517063267595278       1.7926577738473446
      0.35068293585138277     -0.65816022996206780       1.5977484519818663
      0.32956069779970781     -0.55422522559100929       1.4369438165321842
      0.30990730164379399     -0.47521911388124977       1.3050594840015703
      0.29235834356141566     -0.41502589463450762       1.1973794965237650
      0.27710103883325948     -0.36906100953842957       1.1097669170961946
      0.26407448898475627     -0.33388436133028876       1.0386776323631941
      0.25309356281256568     -0.30690744253630742      0.98112384059560931
      0.24392263912487158     -0.28617569468318216      0.93461466084133871
      0.24204311786406704     -0.28212640205660411      0.92525355342700721
      0.24256682808649174     -0.28325469785530139      0.92786193448038390
      -7.1999998092651367      -5.6999998092651367      -1.8999999761581421
      -6.8268923017984138      -5.3710062046693912      -1.9504919033883610
      -6.4560479355407017      -5.0404070749869669      -2.0068498662275998
      -6.0871310058905248      -4.7081951487125577      -2.0663047364375529
      -5.7195694339679948      -4.3743569483936051      -2.1250369390733965
      -5.1692145302573484      -3.8706979548319951      -2.2018662825773441
      -4.6179890860428756      -3.3646011730314438      -2.2509598600229253
      -4.0642458101546346      -2.8590108804687775      -2.2573639041906155
      -3.7862185077130190      -2.6079668956166211      -2.2404913244298257
      -3.5074766009754517      -2.3592173849669673      -2.2083969649325286
      -3.1350040522952312      -2.0328837829137703      -2.1399189425350285
      -2.7622470371496246      -1.7151430137500734      -2.0399375679983458
      -2.3902836649754216      -1.4090096560760415      -1.9064743390056813
      -2.0206558691737269      -1.1178038181786702      -1.7378255076648963
      -1.7149367565701714     -0.88846762505630350      -1.5686993203707955
      -1.4713374433251174     -0.71436905897443181      -1.4127659175832421
      -1.2778330812805148     -0.58229818590329241      -1.2741376810621416
      -1.1243599589992495     -0.48198001210319286      -1.1539903462878356
      -1.0026748710642341     -0.40557415696541599      -1.0517724809283990
     -0.90613310721989160     -0.34716632772008915     -0.96601179321247954
     -0.82944081188112406     -0.30232297373319061     -0.89482603301067898
     -0.76841545055195892     -0.26773113127920034     -0.83622994340514845
     -0.71977005820386353     -0.24091770946563570     -0.78831079531506709
     -0.68092757223186740     -0.22003476666289401     -0.74932140089370747
     -0.67315485383401275     -0.21591543390165474     -0.74144698811509013
     -0.66577139136545915     -0.21202141547702136     -0.73394585056818140
     -0.65875722810330484     -0.20833957491966551     -0.72680143967167643
     -0.65209347835057985     -0.20485760196762315     -0.71999781284656550
     -0.65689747714087754     -0.20736780935388047     -0.72490265115087071