      0.39567418509680835      0.35482117737621649      0.84707937478315376
      0.39438331785197606      0.35368869043424778      0.84504574416896860
      0.39941851077659352      0.35810610071423615      0.85297818069241660
      0.40471183336586103      0.36278501533767993      0.86130875781203364
      0.41027693237937019      0.36774167065498370      0.87005638140216013
      0.41612821737710926      0.37299336758858720      0.87924073117886747
      0.44527419290251125      0.39972361094118680      0.92474879019573597
      0.48158760140578838      0.43422172938087511      0.98077159465510055
      0.52690392177392920      0.47889647290402099       1.0494658046751186
      0.58353401601810140      0.53696222069763966       1.1332743501663682
      0.65436627901329103      0.61272176602535222       1.2348692326818465
      0.74297192741936924      0.71193993263172206       1.3570175182457129
      0.85369592447238707      0.84233029838144646       1.5023201016755525
      0.99169868745707213       1.0141776262276379       1.6727420481069042
       1.1628932945546373       1.2410885978352324       1.8688212739432384
       1.4092978275089283       1.5937984020480855       2.1232200643936023
       1.6517400024089040       1.9717035182933675       2.3429025352495065
       1.8876979561786491       2.3717486337484170       2.5276833163128907
       2.1144976736025578       2.7913891316174775       2.6770816999155129
       2.3292205971981814       3.2283267686207928       2.7903540217246157
       2.5522947058354633       3.7377432400997117       2.8733173355082791
       2.7508069715105523       4.2626702341825711       2.9074780859673424
       2.9191337605580654       4.7988423250965138       2.8909680409302765
       3.0515166332687449       5.3408679583761574       2.8221890285773599
       3.1426559565638175       5.8820252793226633       2.7003138344501405
       3.1885245301366010       6.4144216940934093       2.5258505912123277
       3.1871565788268854       6.9296261862863471       2.3010266097365286
       3.1390402780322901       7.4195980444066558       2.0297108144747891
       3.0468935341273844       7.8774663694263278       1.7168289930190559
       2.9149612800989630       8.2977767443711219       1.3675519971107351
       2.7481917120362387       8.6761573492718735      0.98662980303680126
       2.5515725332989811       9.0085678339715631      0.57804897851331605
       2.4062219479706513       9.2023518438336236      0.29189840631314984
       2.2509580580688731       9.3717901599270874   -0.0043107874630351484
       2.0870428637849026       9.5145245839841763     -0.30977139451684499
       1.9158318127144778       9.6276367698362169     -0.62350296056429533
       1.7389132396692681       9.7077430559656719     -0.94413020365850275
       1.5582204970356381       9.7511794560128422      -1.2696494775983391
       1.4367930506928781       9.7579061816059838      -1.4880104018623888
       1.3154957852549449       9.7455647074197902      -1.7061905179452175
       1.1951805987880466       9.7131334797873183      -1.9228391828457752
       1.0767534946851456       9.6597601671862616      -2.1363497176754676
      0.96114363979105999       9.5848941665737204      -2.3448841021913012
      0.84924999167443416       9.4884349008723330      -2.5464536852972692
      0.74186780602212610       9.3708515733063713      -2.7390605195516029
      0.63960994723354037       9.2332240456594334      -2.9208771585171105
      0.54284694899740671       9.0771754431121305      -3.0904174127312141
      0.36599999666213989       8.7180004119873047      -3.3889999389648438
      0.36599999666213989       8.7180004119873047      -3.3889999389648438
      0.20970247253204738       8.3103204744413706      -3.6317863236634129
     0.070571730391035481       7.8690928530826056      -3.8206005600449773
    -0.054760770935032788       7.4055313417161202      -3.9590442889011235
     -0.16878449420669184       6.9276050418508675      -4.0506675839326975
     -0.27295676850219047       6.4410796094842855      -4.0984068832144329
     -0.36786089746524825       5.9503552346899014      -4.1046328884295811
     -0.45343631757972996       5.4589930489312959      -4.0713429959484797
     -0.52918514516873882       4.9700221364381401      -4.0003068477944250
     -0.59433151496673620       4.4861293351845761      -3.8931347452936689
     -0.64794044017222840       4.0097941679019797      -3.7513028187542221
     -0.68900994578278230       3.5433949060206591      -3.5761695530966957
     -0.71654110679407113       3.0892985426841797      -3.3689873883771710
     -0.72957658943793513       2.6499544171067750      -3.1308912618225424
     -0.72721025978902021       2.2280061601270109      -2.8628775276092613
     -0.70862568259165015       1.8263944192731656      -2.5658395449586737
     -0.67320846235590426       1.4484530016871862      -2.2406269923290796
     -0.63366124653280798       1.1723633478194322      -1.9676595551758100
     -0.59416123410558297      0.96312438094746367      -1.7351884400148825
     -0.55756776515885931      0.80430107580597654      -1.5399912153753654
     -0.52522761971166698      0.68335280208342364      -1.3777676803264294
     -0.49753944856875021      0.59083051191588931      -1.2439591516468520
     -0.47434680013518360      0.51966985039007296      -1.1342008036921780
     -0.45520428938942026      0.46461303029710388      -1.0445414444459460
     -0.43955268495881961      0.42175525101417094     -0.97152476672595911
     -0.42682522326558464      0.38819538779295099     -0.91219527287342861
     -0.41650382489709292      0.36177161749066405     -0.86406562371310125
     -0.41441698946699501      0.35651238955064396     -0.85433248820282082
     -0.41242900759032897      0.35152802216488399     -0.84506027076814594
     -0.41053520819627498      0.34680308076116462     -0.83622755073321320
     -0.41168206965653936      0.34966444676167496     -0.84157653660213594