    -0.030717000670833359     -0.27446314265871813      0.96110683254115536
    -0.030568668997018263     -0.27339686827912363      0.95813598666015531
    -0.031054948076416511     -0.27689245968154730      0.96787537786966626
    -0.031539028734986589     -0.28059597318925589      0.97811863164741009
    -0.032018942749478196     -0.28452037152392878      0.98889134988268146
    -0.033998851264627983     -0.30451736150766501       1.0425908652769527
    -0.035610794110382385     -0.33034253028986305       1.1093611435942385
    -0.036482539110034920     -0.36380862104882072       1.1922710357222177
    -0.036040838769662152     -0.40733643870806119       1.2950445532776049
    -0.033401692862340168     -0.46417062979137641       1.4221620880782293
    -0.027196465392908018     -0.53868252655238724       1.5789443986038518
    -0.015323421858856011     -0.63676277547720028       1.7716033831119564
    0.0052079071048488426     -0.76636972802164316       2.0072170879108837
     0.038540739669352730     -0.93823774655719072       2.2935843299832603
     0.090479468752578188      -1.1666295178394905       2.6389502230748376
      0.16551215698190103      -1.4595597191088021       3.0370590894706933
      0.25133790558354080      -1.7718379671756110       3.4179202030396949
      0.34440085756100725      -2.1024425808161582       3.7812154338839994
      0.44107557865550495      -2.4511855904174786       4.1261418796067577
      0.54392147003185176      -2.8440697231791736       4.4726477336288557
      0.60976877061274859      -3.1181373430809467       4.6899870553646155
      0.67149931747653857      -3.4022422717037073       4.8953045076305894
      0.72732417570819186      -3.6966072520935165       5.0874228207782286
      0.77535500421914394      -4.0013039438682672       5.2649717332760995
      0.81363790576071138      -4.3161360086467226       5.4264623676156463
      0.84022630719709646      -4.6405274283417004       5.5704090787949738
      0.85329804087100347      -4.9734499473259595       5.6954822188494596
      0.85130444359814383      -5.3134220402846113       5.8006601723396836
      0.83312069535956967      -5.6585948446584116       5.8853394312498057
      0.79815820472748922      -6.0069108447998083       5.9493671756867137
      0.74640960314675486      -6.3562932278923050       5.9929848504379830
      0.67842071487514888      -6.7048148387924540       6.0167026952539908
      0.49814517425696364      -7.3929174542948264       6.0069150421888953
      0.26916436744709293      -8.0614359327537830       5.9241282655295020
    0.0061102613123968363      -8.7042917243718509       5.7698321281984137
     -0.18044934188176279      -9.1164079771012734       5.6266502787912609
     -0.37035881588401232      -9.5138161696210517       5.4501856576088592
     -0.55863798793570729      -9.8948890028220848       5.2393297401671335
     -0.74007234291068880      -10.257542849683507       4.9930159982002298
     -0.90914960150452973      -10.599118017004752       4.7104902186112927
      -1.0121389241148486      -10.813523989888203       4.5019305691454674
      -1.1052679390954123      -11.015983005373011       4.2774161047493893
      -1.1867348429687101      -11.205267771299436       4.0374178596632380
      -1.2547682400987594      -11.380087030334412       3.7827224965373154
      -1.2918263375576660      -11.487951920840796       3.6053096774118356
      -1.3125708014860453      -11.555781616701774       3.4838934868143663
      -1.3301625484824289      -11.620207893491312       3.3601476944136075
      -1.3490676871031622      -11.700644133812920       3.1918557431887504
      -1.3708022520667160      -11.842391146345340       2.8455119225098047
      -1.3704607155226050      -11.958210668764325       2.4889917921957285
      -1.3477687014806967      -12.047930181220130       2.1257285148518474
      -1.3029719336318542      -12.111702910871061       1.7590462945705883
      -1.2367556794563233      -12.149893611608777       1.3920428357004684
      -1.1501531757330845      -12.162938956229814       1.0275305702512010
      -1.0444663829955705      -12.151235488387060      0.66803549049544930
     -0.92121389865519698      -12.115153391616978      0.31582231205632427
     -0.78209235516739106      -12.055276024597527    -0.027124094472659954
     -0.62890145328927327      -11.972776015497423     -0.35921793484309589
     -0.46340890597230505      -11.869554364713593     -0.67941644953534897
     -0.28722539520346396      -11.747929620339793     -0.98722447429486104
     -0.10176507154938486      -11.610173885530838      -1.2825458427470029
      0.29212745595923512      -11.293710664248605      -1.8363756496676020
      0.70963562756251575      -10.931639368451100      -2.3430718446414409
       1.1433951762913008      -10.531349518298866      -2.8055105469151531
       1.5869497897840672      -10.097615115502368      -3.2267162044709874
       2.0344989402416545      -9.6334211523094968      -3.6095169633765858
       2.4810075698332263      -9.1406431390659577      -3.9561158233313121
       2.9253174413702725      -8.6226026289662929      -4.2668717538884389
       3.3634344861810845      -8.0804162150535852      -4.5433477257774930
       3.6498121344432697      -7.7056090429065494      -4.7091099089394257
       3.9300000667572021      -7.3200001716613770      -4.8600001335144043
       3.9300000667572021      -7.3200001716613770      -4.8600001335144043
       4.2025167869337166      -6.9234274809511165      -4.9957543345863158
       4.4657417561141068      -6.5157043217544528      -5.1158947955268843
       4.8386645140998041      -5.8824419870546834      -5.2647110151621268
       5.1764006074674462      -5.2216278484796073      -5.3713410181810408
       5.3271837962206732      -4.8801353026802854      -5.4064919898397559
       5.4616017487472117      -4.5307685105015283      -5.4276241938031671
       5.5744314911161421      -4.1732958512886320      -5.4325132156591973
       5.6577339639353283      -3.8081587836200903      -5.4178104326610210
       5.6997214725404204      -3.4379399106464343      -5.3785891124431604
       5.7004710081896333      -3.2530439017580273      -5.3478594703517190
       5.6850836119057995      -3.0704040080528627      -5.3087332849942728
       5.6520820671561767      -2.8922712544052880      -5.2607824153089098
       5.6009363190348678      -2.7211443097761094      -5.2040623263946397
       5.5323366335947766      -2.5592648395557087      -5.1391887911824456
       5.4480684087333664      -2.4081230661141437      -5.0672179337359902
       5.3505495107538490      -2.2682488527488966      -4.9893927545290113
       5.2423091525582075      -2.1393414512075219      -4.9069017073189221
       5.1256336799213997      -2.0205716833411245      -4.8207412464778407
       5.0024205737522669      -1.9108739638163028      -4.7316803328422745
       4.8741722787321446      -1.8091463922502706      -4.6402827423358826
       4.7420524619981608      -1.7143589158369099      -4.5469487543705682
       4.6069568338356293      -1.6255984145434814      -4.4519561175188489
       4.4002049929818146      -1.5020706424170438      -4.3067514584915205
       4.1900153243173968      -1.3881950703673676      -4.1586078167934444
       3.9776230658684542      -1.2822974260059923      -4.0077055200776570
       3.7639414039373986      -1.1830838768382430      -3.8541003201997039
       3.5496729284527455      -1.0895462080022200      -3.6977726112438569
       3.2283736469616899     -0.95818643508373968      -3.4580263970501051
       2.8495855754256176     -0.81399735295981501      -3.1652641660570038
       2.4751274373844576     -0.68012998345727627      -2.8622122967111894
       2.1074759124520437     -0.55530864731235496      -2.5472106100792686
       1.7493615910391822     -0.43902434254396139      -2.2182762180813405
       1.4637126661799809     -0.34970269452105640      -1.9354687199947853
       1.2422265888699902     -0.28252816991961099      -1.6997927626702352
       1.0704384666950775     -0.23164759150762126      -1.5047675156187941
      0.93712255430497338     -0.19282765192972146      -1.3442768220100190
      0.83345838229505287     -0.16298310039800548      -1.2128960249448399
      0.75258455445301442     -0.13990790125039551      -1.1058544366912340
      0.68929233059891926     -0.12198391563743330      -1.0189575060049139
      0.63960077141118044     -0.10800606285001696     -0.94862035627150321
      0.60045692220372238    -0.097066724117015016     -0.89182811568195108
      0.56952235747133606    -0.088479346126618050     -0.84606589773335616
      0.56337318378266443    -0.086779895549787114     -0.83687725733342999
      0.55754312407756179    -0.085171309718983651     -0.82813767461085308
      0.55201488202521753    -0.083648563171471763     -0.81982577451135097
      0.55646861006437043    -0.084875336335700532     -0.82652210621703170